Target Z                 20
Target A                 40
Projectile Z             1
Projectile A             1
w1                       10.00 
w2                       82.00
Ef+ (MeV)                -0.292
Ef- (MeV)                -7.564
n (Brown-Rho Power)      2.0
rw (fm)                  1.32
aw (fm)                  0.57
HF real V (MeV)          43.000
HF real r (fm)           1.170
HF real a (fm)           0.610
Coulomb radius (fm)      1.29
Rmatch (fm)              75.0
Lmax                     60.0
Npts                     4096
GSL integration abs_err  1.0e-8
GSL integratin rel_err   1.0e-8

&Data

5   1.20413317364   0.1
10   51.9390739202   0.1
15   77.9663287418   0.1
20   160.058958583   0.1
25   229.297510133   0.1
30   261.338643538   0.1
35   260.20043067   0.1
40   395.457215186   0.1
45   355.919954055   0.1
50   434.285221761   0.1
55   436.64080091   0.1
60   484.372168491   0.1
65   460.490263683   0.1
70   551.20554918   0.1
75   463.36204728   0.1
80   467.680084317   0.1
85   555.351474337   0.1
90   569.588691645   0.1
95   528.257407602   0.1
100   553.931948892   0.1
105   495.592704069   0.1
110   540.638010383   0.1
115   546.288777828   0.1
120   562.735869221   0.1
125   520.310293234   0.1
130   513.588595206   0.1
135   562.378954727   0.1
140   573.091492656   0.1
145   597.674925484   0.1
150   585.525470376   0.1
155   524.980016389   0.1
160   597.042791208   0.1
165   575.706763698   0.1
170   552.424877205   0.1
175   567.529786208   0.1
180   584.737715088   0.1
185   590.448241496   0.1
190   525.068677754   0.1
195   455.676087838   0.1
200   579.476048375   0.1

&Numerics

Total Pulls         2
Thinning            1
Burn-in             0
Step Scale         0.005

